s__Eubacterium_eligens_CAG_72
s__Alistipes_sp
s__Bacteroides_sp_3_1_40A
s__Ruminococcus_bicirculans	2|1239|186801|186802|541000|1263|1160721	3.4851072768608917	
s__Bacteroides_plebeius_CAG_211
s__Eubacterium_sp_CAG_251	2|1239|186801|186802|186806|1730|1262886	2.040197340977951	
s__Alistipes_putredinis_CAG_67
s__Lachnospira_pectinoschiza	2|1239|186801|186802|186803|28050|28052	1.338940392288483	
s__Ruminococcus_torques	2|1239|186801|186802|186803|572511|33039	1.22351251200625	
s__Dorea_longicatena	2|1239|186801|186802|186803|189330|88431	1.177466320099923	
s__Catenibacterium_mitsuokai	2|1239|526524|526525|128827|135858|100886	0.926727910878886	
s__Enterococcus_sp
s__Fusicatenibacter_saccharivorans	2|1239|186801|186802|186803|1407607|1150298	0.8595905735814354	
s__Anaerostipes_hadrus	2|1239|186801|186802|186803|207244|649756	0.8498979365063489	
s__Eubacterium_hallii_CAG_12
s__Collinsella_aerofaciens	2|201174|84998|84999|84107|102106|74426	0.8232822346144127	
s__Parabacteroides_sp_CAG_2
s__Shigella_sp_FC2383
s__Bacteroides_sp_4_1_36
s__Roseburia_intestinalis	2|1239|186801|186802|186803|841|166486	0.4554470686681892	
s__Bacteroides_sp_43_46
s__Odoribacter_splanchnicus_CAG_14
s__Prevotella_sp_CAG_279
s__Streptococcus_sp_HSISS3
s__Dorea_formicigenerans	2|1239|186801|186802|186803|189330|39486	0.31888282713061467	
s__Roseburia_faecis	2|1239|186801|186802|186803|841|301302	0.3178634149191552	
s__Blautia_obeum	2|1239|186801|186802|186803|572511|40520	0.30873803141334855	
s__Roseburia_sp_CAG_50
s__Escherichia_phage_phAPEC8	10239|||28883|10662||1229753	0.2883785609159339	
s__Oscillibacter_sp_CAG_241	2|1239|186801|186802|216572|459786|1262911	0.24275986445312198	
s__Oscillibacter_sp_57_20	2|1239|186801|186802|216572|459786|1897011	0.22666712732463856	
s__Dialister_succinatiphilus	2|1239|909932|1843489|31977|39948|487173	0.2208466124398538	
s__Eubacterium_sp_CAG_180	2|1239|186801|186802|186806|1730|1262882	0.20663649947608184	
s__Eubacterium_ventriosum	2|1239|186801|186802|186806|1730|39496	0.2055883135328473	
s__Burkholderiales_bacterium_1_1_47
s__Lactobacillus_rogosae	2|1239|91061|186826|33958|1578|706562	0.18492055305212837	
s__Roseburia_inulinivorans	2|1239|186801|186802|186803|841|360807	0.18247067531813704	
s__Clostridium_sp_CAG_253	2|1239|186801|186802|31979|1485|1262785	0.16842498367879405	
s__Bacteroides_sp_AM16_15
s__Coprococcus_comes	2|1239|186801|186802|186803|33042|410072	0.13374030529050723	
s__Gemmiger_formicilis	2|1239|186801|186802|541000|204475|745368	0.1253137124135236	
s__Streptococcus_sp_HMSC072G04
s__Bacteroides_sp_D1
s__Bacteroides_sp_AF32_8BH
s__Veillonella_sp_6_1_27
s__Agathobaculum_butyriciproducens	2|1239|186801|186802|541000|2048137|1628085	0.08828191961901352	
s__Eubacterium_rectale	2|1239|186801|186802|186803||39491	0.08334516935303432	
s__Eubacterium_siraeum	2|1239|186801|186802|541000||39492	0.07940727863296099	
s__Coprococcus_catus	2|1239|186801|186802|186803|33042|116085	0.07864271947436637	
s__Bacteroides_galacturonicus	2|976|200643|171549|815|816|384639	0.07577356736308122	
s__Lactobacillus_paragasseri	2|1239|91061|186826|33958|1578|2107999	0.07220151408986229	
s__Bacteroides_sp_1_1_14
s__Bacteroides_sp_CAG_20
s__Streptococcus_vestibularis	2|1239|91061|186826|1300|1301|1343	0.07016680020005404	
s__Firmicutes_bacterium_CAG_83	2|1239|||||1262992	0.06959954663077417	
s__Mitsuokella_multacida	2|1239|909932|909929|1843491|52225|52226	0.06913094585615166	
s__Blautia_wexlerae	2|1239|186801|186802|186803|572511|418240	0.06562466111270432	
s__Eubacterium_sp_CAG_38	2|1239|186801|186802|186806|1730|1262889	0.05670891479554456	
s__Lactobacillus_sp_ATCC_15578
s__Bacteroides_eggerthii	2|976|200643|171549|815|816|28111	0.05055544672879114	
s__Alistipes_indistinctus	2|976|200643|171549|171550|239759|626932	0.04380184082787205	
s__Bifidobacterium_sp
s__Lactobacillus_gasseri	2|1239|91061|186826|33958|1578|1596	0.036201465106143874	
s__Roseburia_sp_CAG_309	2|1239|186801|186802|186803|841|1262945	0.03439283053742544	
s__Bifidobacterium_longum_CAG_69
s__Corynebacterium_argentoratense	2|201174|1760|85007|1653|1716|42817	0.031577115356579685	
s__Sanguibacteroides_justesenii	2|976|200643|171549|171551|1635148|1547597	0.029965786377175983	
s__Lawsonibacter_asaccharolyticus	2|1239|186801|186802||2172004|2108523	0.028605199917526428	
s__Subdoligranulum_sp_AM23_21AC
s__Prevotella_sp_AM42_24	2|976|200643|171549|171552|838|2293125	0.027774872229160235	
s__Bifidobacterium_bifidum_CAG_234
s__Lactobacillus_phage_LF1	10239|||28883|10699||947980	0.023717776048875913	
s__Streptococcus_mutans	2|1239|91061|186826|1300|1301|1309	0.023134080347153144	
s__Streptococcus_sp_AS14
s__Actinomyces_sp_ICM47	2|201174|1760|2037|2049|1654|936548	0.02141998803998135	
s__Asaccharobacter_celatus	2|201174|84998|1643822|1643826|553372|394340	0.020104617444549756	
s__Leuconostoc_sp_BM2
s__Paraprevotella_xylaniphila	2|976|200643|171549|171552|577309|454155	0.019442821613723238	
s__Clostridium_sp_CAG_58	2|1239|186801|186802|31979|1485|1262824	0.01903998936887231	
s__Streptococcus_sp_2_1_36FAA
s__Eubacterium_sp_OM08_24	2|1239|186801|186802|186806|1730|2292352	0.017699955574776376	
s__Streptococcus_virus_7201	10239|||28883|10699|1623304|112023	0.017264239065039662	
s__Gordonibacter_pamelaeae	2|201174|84998|1643822|1643826|644652|471189	0.015459715029431942	
s__Roseburia_hominis	2|1239|186801|186802|186803|841|301301	0.015254188373895756	
s__Actinomyces_sp_ICM39
s__Turicimonas_muris	2|1224|28216|80840|995019|1918598|1796652	0.014119681235336008	
s__Enterococcus_sp_HMSC065H12
s__Bilophila_sp_4_1_30
s__Haemophilus_sp_CCUG_60358
s__Prevotella_sp_CAG_1185	2|976|200643|171549|171552|838|1262921	0.011357402984929661	
s__Firmicutes_bacterium_CAG_95	2|1239|||||1262988	0.01100389713740742	
s__Actinomyces_sp_oral_taxon_171
s__Proteobacteria_bacterium_CAG_139	2|1224|||||1262986	0.010354432905913072	
s__Rothia_sp_HMSC066G02
s__Lactococcus_lactis	2|1239|91061|186826|1300|1357|1358	0.009610426412872079	
s__Streptococcus_phage_SM1	10239|||28883|10699||157924	0.00939256815800372	
s__Streptococcus_constellatus
s__Victivallis_vadensis	2|256845|1313211|278082|255528|172900|172901	0.00890752525093832	
s__Adlercreutzia_equolifaciens	2|201174|84998|1643822|1643826|447020|446660	0.008837646188056016	
s__Streptococcus_sp_VT_4
s__Collinsella_stercoris	2|201174|84998|84999|84107|102106|147206	0.007801791844153637	
s__Bifidobacterium_sp_MSTE12
s__Dielma_fastidiosa	2|1239|526524|526525|128827|1472649|1034346	0.00675771643402981	
s__Atopobium_parvulum	2|201174|84998|84999|1643824|1380|1382	0.0064042105865075695	
s__Eggerthella_lenta	2|201174|84998|1643822|1643826|84111|84112	0.006219236596525001	
s__Lactobacillus_sp_UMNPBX5
s__Salmonella_phage_Fels_1	10239||||||128975	0.006054815272096052	
s__Rothia_sp_HMSC064D08
s__Flavonifractor_plautii	2|1239|186801|186802|541000|946234|292800	0.00562320929547006	
s__Erysipelotrichaceae_bacterium_6_1_45
s__Gemella_sanguinis	2|1239|91061|1385||1378|84135	0.005549219699477034	
s__Actinomyces_graevenitzii	2|201174|1760|2037|2049|1654|55565	0.005364245709494466	
s__Actinomyces_sp_HMSC035G02	2|201174|1760|2037|2049|1654|1739406	0.005088839991075976	
s__Alistipes_sp_56_sp_Nov_56_25
s__Mogibacterium_diversum	2|1239|186801|186802|543314|86331|114527	0.0047394446766644595	
s__Clostridium_lavalense	2|1239|186801|186802|186803|1506553|460384	0.0046161286833427476	
s__Collinsella_massiliensis	2|201174|84998|84999|84107|1472762|1232426	0.004274954435152678	
s__Firmicutes_bacterium_CAG_110	2|1239|||||1263000	0.0036665955347655664	
s__Butyricimonas_sp
s__Eisenbergiella_massiliensis	2|1239|186801|186802|186803|1432051|1720294	0.0030828998330427963	
s__Prevotella_copri_CAG_164
s__Collinsella_intestinalis	2|201174|84998|84999|84107|102106|147207	0.002544419995537988	
s__Vagococcus_teuberi	2|1239|91061|186826|81852|2737|519472	0.002519756796873646	
s__Enterococcus_hirae	2|1239|91061|186826|81852|1350|1354	0.0024457672008806187	
s__Anaerotruncus_colihominis	2|1239|186801|186802|541000|244127|169435	0.002223798412901537	
s__Bacteroides_fragilis_CAG_47
s__Lactobacillus_sp_HMSC24D01
s__Streptococcus_sp_F0442	2|1239|91061|186826|1300|1301|999425	0.0015332288502999507	
s__Bifidobacterium_catenulatum	2|201174|1760|85004|31953|1678|1686	0.0012496020656600135	
s__Lactobacillus_sakei	2|1239|91061|186826|33958|1578|1599	0.0011879440689991578	
s__Alistipes_sp_HGB5
s__Pediococcus_pentosaceus	2|1239|91061|186826|33958|1253|1255	0.0007933328903696797	
s__Sharpea_azabuensis	2|1239|91061|186826|33958|519427|322505	0.0007522275592624423	
s__Intestinimonas_butyriciproducens	2|1239|186801|186802||1392389|1297617	0.0007275643605981	
s__Butyricimonas_synergistica	2|976|200643|171549|1853231|574697|544644	0.0005590325030584272	
s__Corynebacterium_durum	2|201174|1760|85007|1653|1716|61592	0.00046860077462250503	
s__Ruminococcaceae_bacterium_D16	2|1239|186801|186802|541000||552398	0.00041105331107237287	
s__Acidaminococcus_fermentans	2|1239|909932|1843488|909930|904|905	0.00016442132442894916	
s__Eubacterium_sulci	2|1239|186801|186802|543314||143393	0.0001562002582075017	
s__Clostridium_leptum	2|1239|186801|186802|541000||1535	0.0001438686588753305	
